# Time-averaged data for fix myat3
# TimeStep v_myeng
100 -644325
200 -644329
300 -644335
400 -644341
500 -644345
600 -644348
700 -644352
800 -644362
900 -644381
1000 -644403
1100 -644421
1200 -644431
1300 -644436
1400 -644439
1500 -644441
1600 -644441
1700 -644439
1800 -644432
1900 -644419
2000 -644396
2100 -644366
2200 -644342
2300 -644322
2400 -644311
2500 -644307
2600 -644314
2700 -644326
2800 -644338
2900 -644349
3000 -644356
3100 -644363
3200 -644368
3300 -644371
3400 -644368
3500 -644357
3600 -644331
3700 -644288
3800 -644246
3900 -644220
4000 -644206
4100 -644201
4200 -644202
4300 -644209
4400 -644220
4500 -644232
4600 -644243
4700 -644250
4800 -644257
4900 -644264
5000 -644274
5100 -644286
5200 -644301
5300 -644319
5400 -644342
5500 -644366
5600 -644387
5700 -644399
5800 -644404
5900 -644404
6000 -644402
6100 -644397
6200 -644390
6300 -644378
6400 -644360
6500 -644334
6600 -644308
6700 -644283
6800 -644263
6900 -644250
7000 -644247
7100 -644255
7200 -644266
7300 -644282
7400 -644301
7500 -644323
7600 -644346
7700 -644362
7800 -644367
7900 -644365
8000 -644362
8100 -644357
8200 -644352
8300 -644343
8400 -644330
8500 -644312
8600 -644294
8700 -644280
8800 -644273
8900 -644271
9000 -644269
9100 -644265
9200 -644262
9300 -644258
9400 -644251
9500 -644239
9600 -644223
9700 -644205
9800 -644185
9900 -644168
10000 -644154
10100 -644146
10200 -644141
10300 -644133
10400 -644117
10500 -644100
10600 -644094
10700 -644105
10800 -644124
10900 -644148
11000 -644176
11100 -644203
11200 -644230
11300 -644253
11400 -644271
11500 -644285
11600 -644299
11700 -644312
11800 -644321
11900 -644332
12000 -644346
12100 -644361
12200 -644369
12300 -644368
12400 -644360
12500 -644350
12600 -644340
12700 -644325
12800 -644302
12900 -644270
13000 -644239
13100 -644220
13200 -644212
13300 -644211
13400 -644215
13500 -644224
13600 -644237
13700 -644252
13800 -644270
13900 -644289
14000 -644306
14100 -644315
14200 -644316
14300 -644312
14400 -644307
14500 -644304
14600 -644299
14700 -644291
14800 -644277
14900 -644258
15000 -644238
15100 -644215
15200 -644195
15300 -644179
15400 -644169
15500 -644166
15600 -644163
15700 -644162
15800 -644166
15900 -644176
16000 -644189
16100 -644204
16200 -644218
16300 -644230
16400 -644237
16500 -644238
16600 -644236
16700 -644237
16800 -644240
16900 -644244
17000 -644246
17100 -644248
17200 -644246
17300 -644240
17400 -644227
17500 -644206
17600 -644178
17700 -644147
17800 -644120
17900 -644100
18000 -644088
18100 -644087
18200 -644100
18300 -644129
18400 -644164
18500 -644192
18600 -644211
18700 -644225
18800 -644239
18900 -644254
19000 -644267
19100 -644278
19200 -644285
19300 -644291
19400 -644297
19500 -644303
19600 -644308
19700 -644310
19800 -644307
19900 -644300
20000 -644288
20100 -644269
20200 -644245
20300 -644218
20400 -644194
20500 -644177
20600 -644165
20700 -644158
20800 -644157
20900 -644162
21000 -644172
21100 -644182
21200 -644194
21300 -644204
21400 -644214
21500 -644224
21600 -644235
21700 -644242
21800 -644244
21900 -644246
22000 -644250
22100 -644256
22200 -644258
22300 -644256
22400 -644251
22500 -644250
22600 -644253
22700 -644256
22800 -644256
22900 -644256
23000 -644260
23100 -644268
23200 -644280
23300 -644299
23400 -644323
23500 -644348
23600 -644369
23700 -644384
23800 -644390
23900 -644388
24000 -644375
24100 -644353
24200 -644327
24300 -644300
24400 -644277
24500 -644263
24600 -644256
24700 -644254
24800 -644251
24900 -644251
25000 -644254
25100 -644262
25200 -644274
25300 -644288
25400 -644303
25500 -644319
25600 -644335
25700 -644347
25800 -644356
25900 -644365
26000 -644376
26100 -644386
26200 -644393
26300 -644390
26400 -644376
26500 -644353
26600 -644321
26700 -644287
26800 -644259
26900 -644238
27000 -644222
27100 -644211
27200 -644202
27300 -644194
27400 -644187
27500 -644182
27600 -644179
27700 -644175
27800 -644171
27900 -644164
28000 -644155
28100 -644147
28200 -644143
28300 -644144
28400 -644148
28500 -644157
28600 -644168
28700 -644183
28800 -644202
28900 -644221
29000 -644241
29100 -644258
29200 -644272
29300 -644282
29400 -644288
29500 -644291
29600 -644293
29700 -644290
29800 -644282
29900 -644266
30000 -644239
30100 -644203
30200 -644172
30300 -644153
30400 -644144
30500 -644145
30600 -644154
30700 -644170
30800 -644186
30900 -644204
31000 -644223
31100 -644242
31200 -644256
31300 -644264
31400 -644269
31500 -644275
31600 -644281
31700 -644286
31800 -644286
31900 -644282
32000 -644276
32100 -644272
32200 -644268
32300 -644264
32400 -644258
32500 -644250
32600 -644238
32700 -644219
32800 -644197
32900 -644174
33000 -644157
33100 -644146
33200 -644140
33300 -644140
33400 -644146
33500 -644159
33600 -644177
33700 -644200
33800 -644225
33900 -644248
34000 -644266
34100 -644280
34200 -644288
34300 -644293
34400 -644294
34500 -644291
34600 -644285
34700 -644277
34800 -644267
34900 -644254
35000 -644239
35100 -644226
35200 -644214
35300 -644205
35400 -644198
35500 -644193
35600 -644189
35700 -644190
35800 -644194
35900 -644201
36000 -644208
36100 -644215
36200 -644224
36300 -644237
36400 -644253
36500 -644269
36600 -644283
36700 -644293
36800 -644302
36900 -644307
37000 -644310
37100 -644308
37200 -644303
37300 -644290
37400 -644263
37500 -644222
37600 -644181
37700 -644156
37800 -644145
37900 -644142
38000 -644148
38100 -644159
38200 -644173
38300 -644186
38400 -644200
38500 -644216
38600 -644231
38700 -644246
38800 -644261
38900 -644271
39000 -644275
39100 -644277
39200 -644277
39300 -644273
39400 -644261
39500 -644239
39600 -644205
39700 -644168
39800 -644140
39900 -644123
40000 -644116
