# Time-averaged data for fix myat3
# TimeStep v_mydensity
100 0.0301396
200 0.0301323
300 0.0301181
400 0.0300961
500 0.0300653
600 0.030028
700 0.0299896
800 0.029955
900 0.0299245
1000 0.0298943
1100 0.0298611
1200 0.0298244
1300 0.0297893
1400 0.0297564
1500 0.0297304
1600 0.029716
1700 0.0297157
1800 0.0297297
1900 0.0297598
2000 0.0298
2100 0.0298461
2200 0.0299001
2300 0.0299683
2400 0.0300422
2500 0.0301175
2600 0.0301908
2700 0.0302595
2800 0.0303199
2900 0.030374
3000 0.0304228
3100 0.0304673
3200 0.0305067
3300 0.0305325
3400 0.0305433
3500 0.0305392
3600 0.030522
3700 0.0304903
3800 0.0304461
3900 0.030394
4000 0.030338
4100 0.0302789
4200 0.030219
4300 0.0301678
4400 0.0301245
4500 0.0300874
4600 0.0300575
4700 0.0300334
4800 0.0300161
4900 0.0299998
5000 0.0299891
5100 0.0299819
5200 0.0299758
5300 0.0299722
5400 0.029968
5500 0.0299624
5600 0.0299538
5700 0.0299432
5800 0.0299392
5900 0.0299444
6000 0.0299541
6100 0.0299678
6200 0.0299824
6300 0.0299995
6400 0.0300218
6500 0.0300505
6600 0.0300759
6700 0.0301
6800 0.0301265
6900 0.0301519
7000 0.0301738
7100 0.0301938
7200 0.0302083
7300 0.0302209
7400 0.0302357
7500 0.0302578
7600 0.0302882
7700 0.0303239
7800 0.0303547
7900 0.0303829
8000 0.0304056
8100 0.0304234
8200 0.0304322
8300 0.0304332
8400 0.0304284
8500 0.0304269
8600 0.0304275
8700 0.0304283
8800 0.0304301
8900 0.0304367
9000 0.0304454
9100 0.0304613
9200 0.0304781
9300 0.0304931
9400 0.0305122
9500 0.0305366
9600 0.0305652
9700 0.0305889
9800 0.0306098
9900 0.0306247
10000 0.0306321
10100 0.0306298
10200 0.0306163
10300 0.0305884
10400 0.0305484
10500 0.0305096
10600 0.0304721
10700 0.0304391
10800 0.0304157
10900 0.0303945
11000 0.0303721
11100 0.0303526
11200 0.0303371
11300 0.0303242
11400 0.0303084
11500 0.0302886
11600 0.0302692
11700 0.0302533
11800 0.0302413
11900 0.0302317
12000 0.030226
12100 0.0302192
12200 0.030216
12300 0.0302145
12400 0.0302215
12500 0.0302304
12600 0.0302323
12700 0.0302342
12800 0.0302447
12900 0.0302626
13000 0.0302872
13100 0.0303139
13200 0.0303414
13300 0.0303672
13400 0.0303925
13500 0.0304087
13600 0.0304183
13700 0.0304221
13800 0.0304202
13900 0.0304156
14000 0.0304072
14100 0.0303881
14200 0.0303595
14300 0.0303233
14400 0.0302831
14500 0.0302425
14600 0.0302118
14700 0.0301872
14800 0.0301706
14900 0.0301548
15000 0.030131
15100 0.0301038
15200 0.0300809
15300 0.0300622
15400 0.0300477
15500 0.0300345
15600 0.0300211
15700 0.0299997
15800 0.0299641
15900 0.0299201
16000 0.0298724
16100 0.0298271
16200 0.0297927
16300 0.0297677
16400 0.0297474
16500 0.0297254
16600 0.0297029
16700 0.029683
16800 0.0296608
16900 0.0296299
17000 0.029597
17100 0.0295658
17200 0.02954
17300 0.0295212
17400 0.0295063
17500 0.0294941
17600 0.0294828
17700 0.0294711
17800 0.0294638
17900 0.0294646
18000 0.0294744
18100 0.0294883
18200 0.0295007
18300 0.0295106
18400 0.0295244
18500 0.0295426
18600 0.0295665
18700 0.0296005
18800 0.0296491
18900 0.029718
19000 0.0298017
19100 0.0298876
19200 0.0299736
19300 0.0300563
19400 0.0301275
19500 0.030189
19600 0.0302417
19700 0.0302802
19800 0.0303018
19900 0.0303121
20000 0.0303155
20100 0.0303169
20200 0.0303169
20300 0.0303205
20400 0.0303259
20500 0.0303319
20600 0.0303344
20700 0.030334
20800 0.0303302
20900 0.0303274
21000 0.0303213
21100 0.0303106
21200 0.0302992
21300 0.0302989
21400 0.0303059
21500 0.0303198
21600 0.0303374
21700 0.0303464
21800 0.0303417
21900 0.0303264
22000 0.0303058
22100 0.0302877
22200 0.0302687
22300 0.0302462
22400 0.0302251
22500 0.0302028
22600 0.0301775
22700 0.0301561
22800 0.0301375
22900 0.0301123
23000 0.0300765
23100 0.030034
23200 0.0299861
23300 0.0299391
23400 0.0298904
23500 0.0298425
23600 0.0298004
23700 0.0297683
23800 0.0297433
23900 0.029725
24000 0.0297114
24100 0.0296967
24200 0.0296794
24300 0.0296614
24400 0.0296356
24500 0.0296088
24600 0.0295839
24700 0.0295664
24800 0.0295642
24900 0.029579
25000 0.0296066
25100 0.0296339
25200 0.0296637
25300 0.0296955
25400 0.0297247
25500 0.0297557
25600 0.0297893
25700 0.0298285
25800 0.0298778
25900 0.0299364
26000 0.0300025
26100 0.0300775
26200 0.030156
26300 0.0302311
26400 0.0303013
26500 0.0303601
26600 0.0304114
26700 0.0304563
26800 0.0304871
26900 0.0305071
27000 0.0305182
27100 0.0305145
27200 0.0304934
27300 0.0304621
27400 0.0304301
27500 0.0303999
27600 0.0303692
27700 0.0303398
27800 0.0303111
27900 0.0302841
28000 0.0302537
28100 0.0302203
28200 0.0301853
28300 0.0301477
28400 0.0300985
28500 0.030041
28600 0.0299844
28700 0.0299338
28800 0.0298902
28900 0.0298531
29000 0.0298256
29100 0.0297996
29200 0.0297755
29300 0.0297576
29400 0.0297363
29500 0.0297098
29600 0.0296777
29700 0.0296451
29800 0.0296178
29900 0.0296026
30000 0.029602
30100 0.0296112
30200 0.0296223
30300 0.0296395
30400 0.0296655
30500 0.0296977
30600 0.0297339
30700 0.0297713
30800 0.0298082
30900 0.0298437
31000 0.0298716
31100 0.0298846
31200 0.0298881
31300 0.0298821
31400 0.0298717
31500 0.029864
31600 0.0298663
31700 0.0298778
31800 0.0298923
31900 0.0299093
32000 0.0299244
32100 0.0299353
32200 0.0299364
32300 0.0299323
32400 0.0299279
32500 0.0299255
32600 0.0299296
32700 0.0299439
32800 0.0299602
32900 0.0299723
33000 0.0299745
33100 0.0299627
33200 0.02994
33300 0.0299119
33400 0.0298858
33500 0.0298673
33600 0.0298535
33700 0.0298485
33800 0.0298524
33900 0.0298635
34000 0.0298803
34100 0.0299023
34200 0.0299238
34300 0.0299378
34400 0.0299426
34500 0.0299418
34600 0.0299409
34700 0.0299389
34800 0.0299317
34900 0.0299167
35000 0.0298916
35100 0.029863
35200 0.0298324
35300 0.0298014
35400 0.0297749
35500 0.0297557
35600 0.0297406
35700 0.0297219
35800 0.0296984
35900 0.0296724
36000 0.0296437
36100 0.0296121
36200 0.0295816
36300 0.0295534
36400 0.0295314
36500 0.0295207
36600 0.0295192
36700 0.0295246
36800 0.0295319
36900 0.0295428
37000 0.0295633
37100 0.0295885
37200 0.0296164
37300 0.0296505
37400 0.0296831
37500 0.0297168
37600 0.0297529
37700 0.0297947
37800 0.0298475
37900 0.0299053
38000 0.029966
38100 0.0300279
38200 0.0300852
38300 0.0301372
38400 0.0301838
38500 0.0302254
38600 0.0302551
38700 0.030271
38800 0.0302805
38900 0.0302909
39000 0.0303044
39100 0.0303245
39200 0.0303477
39300 0.0303721
39400 0.0303911
39500 0.0303941
39600 0.0303788
39700 0.0303506
39800 0.0303121
39900 0.0302665
40000 0.0302198
