0.050 0.0
0.150 0.0
0.250 0.0
0.350 0.0
0.450 0.0
0.550 0.0
0.650 0.0
0.750 0.0
0.850 0.0
0.950 0.0
1.050 0.0
1.150 0.0
1.250 0.0
1.350 0.0
1.450 0.0
1.550 0.20032052248390836
1.650 0.0004769536249616866
1.750 0.002384768124808433
1.850 0.008585165249310358
1.950 0.017170330498620715
2.050 0.05103403787090046
2.150 0.060096156745172505
2.250 0.09682158586722238
2.350 0.1206692671153067
2.450 0.12639271061484694
2.550 0.1345009222391956
2.650 0.10588370474149442
2.750 0.10111416849187756
2.850 0.08728251336798865
2.950 0.09157509599264382
3.050 0.11256105549095803
3.150 0.11542277724072815
3.250 0.1345009222391956
3.350 0.15453297448758643
3.450 0.17838065573567077
3.550 0.1984127079840616
3.650 0.22941469360657124
3.750 0.23704595160595823
3.850 0.24992369947992377
3.950 0.2303686008564946
4.050 0.2585088647292341
4.150 0.231322508106418
4.250 0.26232449372892763
4.350 0.272340519853123
4.450 0.2804487314774717
4.550 0.30811204172524953
4.650 0.30668118085036444
4.750 0.30000383010090087
4.850 0.3057272736004411
4.950 0.33195972297333387
5.050 0.3324366765982955
5.150 0.3295749548485254
5.250 0.32862104759860206
5.350 0.35771521872126494
5.450 0.34006793459768253
5.550 0.37297773472003887
5.650 0.3839476680941577
5.750 0.368208198470422
5.850 0.3944406478433148
5.950 0.415426607341629
6.050 0.42448872621590106
6.150 0.46312196983779763
6.250 0.4593063408381042
6.350 0.44165905671452177
6.450 0.4621680625878743
6.550 0.503663027959541
6.650 0.4912622337105372
6.750 0.5184485903333533
6.850 0.518925543958315
6.950 0.5451579933312077
7.050 0.5494505759558629
7.150 0.5484966687059395
7.250 0.5589896484550967
7.350 0.5723443499540238
7.450 0.5885607732027213
7.550 0.6028693819515718
7.650 0.6062080573263037
7.750 0.6100236863259971
7.850 0.6291018313244646
7.950 0.631486599449273
8.050 0.6424565328233918
8.150 0.646749115448047
8.250 0.6529495125725489
8.350 0.6777511010705566
8.450 0.6729815648209397
8.550 0.6677350749463612
8.650 0.7221077881919935
8.750 0.7278312316915337
8.850 0.6944444779442156
8.950 0.6982601069439092
9.050 0.7240156026918402
9.150 0.7063683185682578
9.250 0.7311699070662655
9.350 0.7774344086875491
9.450 0.7583562636890816
9.550 0.7640797071886218
9.650 0.8203602349341009
9.750 0.7907891101864764
9.850 0.8341918900579898
9.950 0.8303762610582963
