######x    Curve1
0.00000     0.00000000                0.00000000
2.20317    0.00000000		      0.00000000
2.36229    0.00000000		      0.00000000
2.38678     0.00000000		      0.00000000
2.39906    0.0215569		      0.00032070
2.4236    0.0502994		      0.00248767
2.43595    0.100599		      0.00480745
2.44824    0.129341		      0.00835717
2.47284    0.186826		      0.01828690
2.4852    0.244311		      0.02518471
2.4853    0.294611		      0.02525477
2.4977    0.373653		      0.03608844
2.51009    0.445509		      0.04948798
2.52248    0.517365		      0.06539352
2.5227    0.62515		      0.06573019
2.5351    0.704192		      0.08792629
2.54751    0.790419		      0.11314740
2.54767    0.869461		      0.11351021
2.55999    0.905389		      0.14353134
2.5601    0.962874		      0.14381484
2.57246    1.02036		      0.17780000
2.57261    1.09222		      0.17824142
2.57271    1.14251		      0.17855274
2.58507    1.2			      0.21908911
2.5852    1.26467		      0.21953982
2.59754    1.31497		      0.26453869
2.59772    1.4012		      0.26523309
2.61009    1.46587		      0.31585435
2.61019    1.51617		      0.31628198
2.61032    1.58084		      0.31685938
2.62268    1.63832		      0.37420064
2.6228    1.69581		      0.37477994
2.63516    1.75329		      0.43680410
2.63526    1.80359		      0.43732401
2.64762    1.86108		      0.50385053
2.64772    1.91138		      0.50440717
2.6601    1.98323		      0.57589341
2.66021    2.03353		      0.57655153
2.67256    2.09102		      0.65278494
2.67267    2.14132		      0.65348489
2.68501    2.19162		      0.73425350
2.6974    2.26347		      0.81840883
2.7098    2.34251		      0.90628897
2.72214    2.39281		      0.99702156
2.73448    2.44311		      1.09052550
2.74677    2.46467		      1.18588690
2.75904    2.47904		      1.28265090
2.78346    2.4503		      1.47723060
2.80785    2.40719		      1.67212130
2.81997    2.3497		      1.76820540
2.83212    2.30659		      1.86330630
2.84426    2.25629		      1.95722410
2.85637    2.19162		      2.04932990
2.86843    2.10539		      2.13869440
2.88051    2.02635		      2.22549210
2.89257    1.94012		      2.30937910
2.9047    1.88263		      2.39138100
2.91681    1.81796		      2.47129490
2.92893    1.76048		      2.54928050
2.94101    1.68144		      2.62466140
2.95313    1.62395		      2.69789370
2.96525    1.56647		      2.76916120
2.97737    1.50898		      2.83842430
2.98945    1.42994		      2.90493030
3.00155    1.35808		      2.96863950
3.02591    1.3006		      3.09243610
3.03806    1.25749		      3.15257350
3.06244    1.20719		      3.27023290
3.07459    1.16407		      3.32732930
3.08673    1.11377		      3.38256490
3.11112    1.07066		      3.49024530
3.1355    1.02036		      3.59490340
3.15992    0.991617		      3.69736060
3.19651    0.926946		      3.84656320
3.22094    0.905389		      3.94356650
3.25759    0.869461		      4.08720430
3.30652    0.85509		      4.27851480
3.35546    0.847904		      4.47316100
3.39217    0.840719		      4.62167860
3.44114    0.847904		      4.82488610
3.50237    0.862275		      5.09060820
3.5636    0.876647		      5.37040870
3.62486    0.905389		      5.66735760
3.69834    0.926946		      6.04744880
3.74734    0.948503		      6.31558800
3.80859    0.97006		      6.66871530
3.89431    0.991617		      7.19393850
3.9433    1.00599		      7.51031660
3.99229    1.02036		      7.83932020
4.07801    1.04192		      8.44538670
4.13924    1.05629		      8.90194930
4.21271    1.07066		      9.47566140
4.2617    1.08503		      9.87480240
4.3229    1.08503		     10.38985400
4.35963    1.09222		     10.70710900
4.40858    1.08503		     11.13827600
4.44531    1.09222		     11.46817600
4.49427    1.09222		     11.91795100
4.53099    1.09222		     12.26177400
4.57995    1.09222		     12.72895600
4.61666    1.08503		     13.08467700
4.6289    1.08503		     13.20415400
4.65339    1.09222		     13.44591400
4.70232    1.07784		     13.93495800
4.71455    1.07066		     14.05757100
4.77575    1.07066		     14.67869300
4.81245    1.06347		     15.05759000
4.84916    1.05629		     15.43982600
4.92255    1.03473		     16.21083400
5.02043    1.01317		     17.25352000
5.05712    0.998802		     17.64800300
5.13053    0.984431		     18.44310000
5.20392    0.962874		     19.24619100
5.27733    0.948503		     20.05728100
5.35074    0.934132		     20.87871200
5.41191    0.91976		     21.56991000
5.4731    0.912575		     22.26895200
5.54651    0.898204		     23.11831300
5.60769    0.891018		     23.83496800
5.66891    0.898204		     24.56798000
5.74235    0.898204		     25.47202200
5.79131    0.898204		     26.08770100
5.84027    0.898204		     26.71387800
5.88925    0.912575		     27.35604300
5.93823    0.91976		     28.01673000
6.0117    0.934132		     29.04037300
6.07293    0.948503		     29.92632000
6.15865    0.97006		     31.22134700
6.21988    0.984431		     32.18638400
6.30559    0.998802		     33.58991600
6.3913    1.01317		     35.05302100
6.50148    1.02754		     37.02012300
6.58718    1.03473		     38.61350900
6.67287    1.04192		     40.26010400
6.74631    1.04192		     41.71030400
6.79529    1.0491		     42.69862700
6.88097    1.0491		     44.46810000
6.91768    1.0491		     45.23984400
6.96664    1.0491		     46.28194200
7.02783    1.04192		     47.60054000
7.06455    1.04192		     48.40019800
7.11349    1.03473		     49.47522700
7.15021    1.03473		     50.28879300
7.2114    1.02754		     51.65839000
7.24812    1.02754		     52.48863800
7.27258    1.02036		     53.04441700
7.33378    1.02036		     54.44655900
7.40719    1.00599		     56.14741600
7.45615    1.00599		     57.29258100
7.51735    1.00599		     58.74534400
7.57855    1.00599		     60.22195500
7.6642    0.991617		     62.31369800
7.7254    0.991617		     63.82639700
7.79883    0.984431		     65.66654000
7.88451    0.984431		     67.85002700
7.97018    0.984431		     70.08122400
8.04362    0.984431		     72.03246800
8.09258    0.984431		     73.35324300
8.16602    0.984431		     75.36459800
8.2517    0.984431		     77.75735200
8.32514    0.984431		     79.84821500
8.39858    0.984431		     81.97629500
8.47204    0.991617		     84.15048800
8.56995    0.991617		     87.11819900
8.65563    0.991617		     89.77144600
8.76581    0.998802		     93.27426900
8.87597    0.998802		     96.87840200
8.97389    0.998802		    100.15806000
9.04733    0.998802		    102.66523000
9.15748    0.998802		    106.50273000
9.24316    0.998802		    109.55224000
9.36555    0.991617		    113.99125000
9.47571    0.991617		    118.07255000
9.57363    0.991617		    121.78092000
9.67155    0.991617		    125.56592000
9.7817    0.991617		    129.91625000
9.87962    0.991617		    133.86671000
9.95306    0.991617		    136.88139000
10.002    0.991617		    138.91520000
