# Time-averaged data for fix myat3
# TimeStep v_myeng
100 -5969.97
200 -5970.04
300 -5970.03
400 -5970
500 -5970.1
600 -5970.15
700 -5970.24
800 -5970.58
900 -5970.77
1000 -5971.03
1100 -5971.31
1200 -5971.52
1300 -5971.61
1400 -5971.63
1500 -5971.69
1600 -5971.64
1700 -5971.61
1800 -5971.5
1900 -5971.34
2000 -5971.18
2100 -5971.07
2200 -5970.83
2300 -5970.57
2400 -5970.32
2500 -5970.16
2600 -5970.06
2700 -5969.81
2800 -5969.91
2900 -5970.16
3000 -5970.58
3100 -5971.04
3200 -5971.38
3300 -5971.59
3400 -5971.82
3500 -5971.92
3600 -5971.91
3700 -5971.87
3800 -5971.88
3900 -5971.76
4000 -5971.55
4100 -5971.39
4200 -5971.18
4300 -5970.99
4400 -5970.72
4500 -5970.59
4600 -5970.54
4700 -5970.56
4800 -5970.68
4900 -5970.96
5000 -5971.28
5100 -5971.62
5200 -5971.95
5300 -5972.07
5400 -5971.97
5500 -5972.17
5600 -5971.94
5700 -5971.89
5800 -5971.7
5900 -5971.68
6000 -5971.57
6100 -5971.41
6200 -5971.35
6300 -5971.33
6400 -5971.34
6500 -5971.16
6600 -5971.3
6700 -5971.09
6800 -5970.97
6900 -5971.14
7000 -5970.67
7100 -5970.45
7200 -5970.36
7300 -5970.42
7400 -5970.19
7500 -5970.42
7600 -5970.75
7700 -5970.95
7800 -5971.34
7900 -5971.46
8000 -5971.9
8100 -5972.05
8200 -5972.07
8300 -5972.16
8400 -5971.95
8500 -5971.8
8600 -5971.69
8700 -5971.36
8800 -5971.17
8900 -5971.19
9000 -5971.14
9100 -5971
9200 -5971.17
9300 -5971.18
9400 -5971.03
9500 -5971.06
9600 -5970.93
9700 -5970.9
9800 -5970.86
9900 -5970.81
10000 -5970.69
10100 -5970.5
10200 -5970.43
10300 -5970.36
10400 -5970.21
10500 -5970
10600 -5970.03
10700 -5969.91
10800 -5969.68
10900 -5969.77
11000 -5969.74
11100 -5969.88
11200 -5969.93
11300 -5970.06
11400 -5970.2
11500 -5970.45
11600 -5970.69
11700 -5970.79
11800 -5970.96
11900 -5971.04
12000 -5971.04
12100 -5970.85
12200 -5970.61
12300 -5970.33
12400 -5969.97
12500 -5969.75
12600 -5969.48
12700 -5969.35
12800 -5969.24
12900 -5969.27
13000 -5969.24
13100 -5969.46
13200 -5969.69
13300 -5969.9
13400 -5970.09
13500 -5970.41
13600 -5970.89
13700 -5971.33
13800 -5971.75
13900 -5972.38
14000 -5973
14100 -5973.55
14200 -5974.42
14300 -5975.21
14400 -5976.53
14500 -5978.15
14600 -5979.4
14700 -5980.23
14800 -5980.39
14900 -5980.85
15000 -5981.26
15100 -5982.2
15200 -5983.29
15300 -5984.23
15400 -5985.04
15500 -5985.95
15600 -5986.89
15700 -5987.63
15800 -5988.88
15900 -5990.06
16000 -5991.38
16100 -5992.55
16200 -5993.3
16300 -5994.16
16400 -5994.66
16500 -5995.2
16600 -5995.99
16700 -5996.97
16800 -5998.2
16900 -5999.49
17000 -6000.39
17100 -6000.81
17200 -6000.97
17300 -6000.87
17400 -6000.65
17500 -6000.36
17600 -6000.09
17700 -5999.99
17800 -5999.81
17900 -5999.52
18000 -5999.37
18100 -5999.18
18200 -5999.15
18300 -5999.06
18400 -5998.91
18500 -5998.66
18600 -5998.49
18700 -5998.23
18800 -5998.01
18900 -5997.79
19000 -5997.74
19100 -5997.58
19200 -5997.44
19300 -5997.26
19400 -5997.08
19500 -5996.92
19600 -5996.85
19700 -5996.69
19800 -5996.55
19900 -5996.44
20000 -5996.31
20100 -5996.02
20200 -5995.75
20300 -5995.72
20400 -5995.85
20500 -5995.87
20600 -5995.99
20700 -5996.09
20800 -5996.28
20900 -5996.51
21000 -5996.83
21100 -5997.03
21200 -5997.28
21300 -5997.26
21400 -5997.31
21500 -5997.35
21600 -5997.55
21700 -5997.81
21800 -5998.06
21900 -5998.38
22000 -5998.72
22100 -5999.16
22200 -5999.54
22300 -5999.81
22400 -5999.9
22500 -5999.99
22600 -5999.97
22700 -5999.9
22800 -5999.79
22900 -5999.56
23000 -5999.37
23100 -5998.99
23200 -5998.89
23300 -5998.77
23400 -5998.69
23500 -5998.58
23600 -5998.44
23700 -5998.23
23800 -5997.99
23900 -5997.82
24000 -5997.6
24100 -5997.35
24200 -5997.44
24300 -5997.54
24400 -5997.8
24500 -5998.14
24600 -5998.64
24700 -5998.87
24800 -5998.9
24900 -5998.9
25000 -5998.94
25100 -5998.87
25200 -5998.72
25300 -5998.53
25400 -5998.45
25500 -5998.29
25600 -5998.03
25700 -5997.87
25800 -5997.8
25900 -5997.77
26000 -5997.9
26100 -5997.95
26200 -5997.83
26300 -5997.79
26400 -5997.73
26500 -5997.64
26600 -5997.6
26700 -5997.6
26800 -5997.69
26900 -5997.66
27000 -5997.72
27100 -5997.95
27200 -5998.22
27300 -5998.42
27400 -5998.5
27500 -5998.61
27600 -5998.63
27700 -5998.6
27800 -5998.6
27900 -5998.44
28000 -5998.22
28100 -5997.98
28200 -5998.02
28300 -5997.95
28400 -5998.08
28500 -5998.37
28600 -5998.58
28700 -5998.82
28800 -5999.01
28900 -5999.2
29000 -5999.18
29100 -5999.05
29200 -5998.98
29300 -5998.9
29400 -5998.74
29500 -5998.46
29600 -5998.3
29700 -5998.19
29800 -5998.1
29900 -5998.04
30000 -5998.05
30100 -5997.91
30200 -5997.54
30300 -5997.21
30400 -5996.89
30500 -5996.71
30600 -5996.78
30700 -5996.99
30800 -5997.32
30900 -5997.66
31000 -5997.95
31100 -5998.03
31200 -5998.07
31300 -5998.13
31400 -5998.13
31500 -5998.08
31600 -5998.02
31700 -5997.99
31800 -5998.01
31900 -5998.03
32000 -5998.19
32100 -5998.37
32200 -5998.51
32300 -5998.5
32400 -5998.62
32500 -5998.65
32600 -5998.74
32700 -5998.83
32800 -5998.98
32900 -5999
33000 -5999.01
33100 -5999
33200 -5998.99
33300 -5998.98
33400 -5998.88
33500 -5998.79
33600 -5998.61
33700 -5998.35
33800 -5998.21
33900 -5997.99
34000 -5997.55
34100 -5997.35
34200 -5997.44
34300 -5997.55
34400 -5997.77
34500 -5997.93
34600 -5998.15
34700 -5998.32
34800 -5998.43
34900 -5998.58
35000 -5998.77
35100 -5998.76
35200 -5998.68
35300 -5998.61
35400 -5998.54
35500 -5998.43
35600 -5998.42
35700 -5998.38
35800 -5998.3
35900 -5998.23
36000 -5998.14
36100 -5997.95
36200 -5997.63
36300 -5997.33
36400 -5997.2
36500 -5997.04
36600 -5996.82
36700 -5996.82
36800 -5996.82
36900 -5997.07
37000 -5997.52
37100 -5998.11
37200 -5998.45
37300 -5998.56
37400 -5998.65
37500 -5998.53
37600 -5998.44
37700 -5998.38
37800 -5998.29
37900 -5998.18
38000 -5998.13
38100 -5998.04
38200 -5998.01
38300 -5998.14
38400 -5998.31
38500 -5998.45
38600 -5998.63
38700 -5998.76
38800 -5998.84
38900 -5998.78
39000 -5998.65
39100 -5998.56
39200 -5998.44
39300 -5998.34
39400 -5998.1
39500 -5997.93
39600 -5997.75
39700 -5997.68
39800 -5997.55
39900 -5997.52
40000 -5997.49
