# Time-averaged data for fix myat3
# TimeStep v_myeng
100 -159337
200 -159335
300 -159329
400 -159322
500 -159312
600 -159302
700 -159291
800 -159280
900 -159270
1000 -159262
1100 -159259
1200 -159260
1300 -159265
1400 -159272
1500 -159280
1600 -159287
1700 -159293
1800 -159300
1900 -159308
2000 -159316
2100 -159323
2200 -159331
2300 -159340
2400 -159349
2500 -159355
2600 -159359
2700 -159362
2800 -159363
2900 -159361
3000 -159356
3100 -159349
3200 -159337
3300 -159321
3400 -159306
3500 -159296
3600 -159292
3700 -159289
3800 -159288
3900 -159287
4000 -159290
4100 -159295
4200 -159300
4300 -159305
4400 -159311
4500 -159319
4600 -159329
4700 -159339
4800 -159347
4900 -159353
5000 -159356
5100 -159355
5200 -159352
5300 -159348
5400 -159344
5500 -159340
5600 -159334
5700 -159326
5800 -159318
5900 -159312
6000 -159307
6100 -159302
6200 -159299
6300 -159296
6400 -159293
6500 -159290
6600 -159288
6700 -159290
6800 -159297
6900 -159310
7000 -159329
7100 -159345
7200 -159357
7300 -159362
7400 -159364
7500 -159364
7600 -159361
7700 -159355
7800 -159348
7900 -159341
8000 -159335
8100 -159330
8200 -159325
8300 -159318
8400 -159311
8500 -159304
8600 -159296
8700 -159286
8800 -159274
8900 -159260
9000 -159247
9100 -159238
9200 -159232
9300 -159229
9400 -159230
9500 -159239
9600 -159260
9700 -159283
9800 -159300
9900 -159312
10000 -159320
10100 -159327
10200 -159333
10300 -159338
10400 -159342
10500 -159346
10600 -159349
10700 -159351
10800 -159350
10900 -159345
11000 -159336
11100 -159326
11200 -159316
11300 -159306
11400 -159296
11500 -159290
11600 -159286
11700 -159285
11800 -159285
11900 -159286
12000 -159291
12100 -159298
12200 -159309
12300 -159322
12400 -159337
12500 -159348
12600 -159354
12700 -159357
12800 -159357
12900 -159357
13000 -159355
13100 -159351
13200 -159347
13300 -159343
13400 -159339
13500 -159334
13600 -159329
13700 -159323
13800 -159318
13900 -159312
14000 -159306
14100 -159300
14200 -159293
14300 -159286
14400 -159278
14500 -159270
14600 -159261
14700 -159253
14800 -159246
14900 -159243
15000 -159245
15100 -159251
15200 -159265
15300 -159285
15400 -159304
15500 -159316
15600 -159322
15700 -159326
15800 -159329
15900 -159332
16000 -159334
16100 -159336
16200 -159336
16300 -159336
16400 -159335
16500 -159332
16600 -159327
16700 -159320
16800 -159310
16900 -159299
17000 -159291
17100 -159283
17200 -159278
17300 -159274
17400 -159273
17500 -159273
17600 -159279
17700 -159292
17800 -159312
17900 -159333
18000 -159346
18100 -159353
18200 -159356
18300 -159356
18400 -159354
18500 -159350
18600 -159346
18700 -159340
18800 -159335
18900 -159329
19000 -159323
19100 -159316
19200 -159308
19300 -159300
19400 -159291
19500 -159283
19600 -159275
19700 -159270
19800 -159266
19900 -159264
20000 -159262
20100 -159261
20200 -159264
20300 -159272
20400 -159284
20500 -159298
20600 -159311
20700 -159322
20800 -159331
20900 -159336
21000 -159338
21100 -159337
21200 -159334
21300 -159330
21400 -159325
21500 -159317
21600 -159307
21700 -159295
21800 -159285
21900 -159278
22000 -159272
22100 -159269
22200 -159268
22300 -159270
22400 -159276
22500 -159284
22600 -159293
22700 -159303
22800 -159310
22900 -159315
23000 -159318
23100 -159320
23200 -159323
23300 -159326
23400 -159330
23500 -159335
23600 -159339
23700 -159344
23800 -159346
23900 -159349
24000 -159351
24100 -159355
24200 -159359
24300 -159363
24400 -159366
24500 -159367
24600 -159365
24700 -159360
24800 -159350
24900 -159337
25000 -159323
25100 -159311
25200 -159302
25300 -159296
25400 -159293
25500 -159292
25600 -159292
25700 -159294
25800 -159298
25900 -159306
26000 -159315
26100 -159327
26200 -159337
26300 -159345
26400 -159350
26500 -159352
26600 -159352
26700 -159350
26800 -159346
26900 -159340
27000 -159334
27100 -159329
27200 -159325
27300 -159322
27400 -159319
27500 -159317
27600 -159315
27700 -159312
27800 -159310
27900 -159307
28000 -159305
28100 -159304
28200 -159304
28300 -159305
28400 -159309
28500 -159314
28600 -159321
28700 -159328
28800 -159335
28900 -159343
29000 -159350
29100 -159355
29200 -159359
29300 -159361
29400 -159364
29500 -159366
29600 -159365
29700 -159360
29800 -159352
29900 -159339
30000 -159325
30100 -159311
30200 -159300
30300 -159292
30400 -159289
30500 -159288
30600 -159288
30700 -159290
30800 -159293
30900 -159299
31000 -159308
31100 -159319
31200 -159331
31300 -159341
31400 -159350
31500 -159355
31600 -159356
31700 -159354
31800 -159350
31900 -159346
32000 -159341
32100 -159335
32200 -159330
32300 -159326
32400 -159322
32500 -159317
32600 -159310
32700 -159301
32800 -159295
32900 -159290
33000 -159287
33100 -159285
33200 -159284
33300 -159286
33400 -159289
33500 -159294
33600 -159300
33700 -159311
33800 -159326
33900 -159345
34000 -159362
34100 -159371
34200 -159375
34300 -159374
34400 -159370
34500 -159364
34600 -159357
34700 -159348
34800 -159338
34900 -159329
35000 -159322
35100 -159318
35200 -159314
35300 -159310
35400 -159308
35500 -159308
35600 -159310
35700 -159312
35800 -159317
35900 -159323
36000 -159333
36100 -159346
36200 -159363
36300 -159380
36400 -159392
36500 -159397
36600 -159397
36700 -159395
36800 -159389
36900 -159383
37000 -159374
37100 -159363
37200 -159353
37300 -159344
37400 -159336
37500 -159328
37600 -159321
37700 -159314
37800 -159307
37900 -159300
38000 -159295
38100 -159290
38200 -159285
38300 -159280
38400 -159277
38500 -159276
38600 -159277
38700 -159281
38800 -159285
38900 -159292
39000 -159304
39100 -159318
39200 -159331
39300 -159342
39400 -159350
39500 -159354
39600 -159356
39700 -159355
39800 -159351
39900 -159344
40000 -159334
