# Time-averaged data for fix myat3
# TimeStep v_myeng
100 -166740
200 -166739
300 -166739
400 -166740
500 -166740
600 -166740
700 -166740
800 -166740
900 -166738
1000 -166737
1100 -166736
1200 -166735
1300 -166735
1400 -166735
1500 -166736
1600 -166736
1700 -166737
1800 -166739
1900 -166740
2000 -166741
2100 -166741
2200 -166741
2300 -166740
2400 -166739
2500 -166739
2600 -166739
2700 -166739
2800 -166739
2900 -166739
3000 -166739
3100 -166740
3200 -166742
3300 -166743
3400 -166743
3500 -166743
3600 -166743
3700 -166742
3800 -166742
3900 -166742
4000 -166742
4100 -166743
4200 -166744
4300 -166745
4400 -166746
4500 -166746
4600 -166746
4700 -166745
4800 -166744
4900 -166743
5000 -166742
5100 -166741
5200 -166741
5300 -166740
5400 -166740
5500 -166739
5600 -166739
5700 -166740
5800 -166740
5900 -166740
6000 -166741
6100 -166741
6200 -166741
6300 -166741
6400 -166741
6500 -166741
6600 -166740
6700 -166739
6800 -166738
6900 -166738
7000 -166738
7100 -166739
7200 -166740
7300 -166740
7400 -166741
7500 -166741
7600 -166742
7700 -166742
7800 -166743
7900 -166744
8000 -166745
8100 -166746
8200 -166747
8300 -166747
8400 -166747
8500 -166746
8600 -166744
8700 -166743
8800 -166742
8900 -166741
9000 -166740
9100 -166740
9200 -166739
9300 -166739
9400 -166739
9500 -166739
9600 -166739
9700 -166740
9800 -166741
9900 -166741
10000 -166742
10100 -166744
10200 -166745
10300 -166745
10400 -166745
10500 -166745
10600 -166744
10700 -166744
10800 -166743
10900 -166743
11000 -166742
11100 -166741
11200 -166741
11300 -166741
11400 -166741
11500 -166742
11600 -166741
11700 -166740
11800 -166739
11900 -166739
12000 -166738
12100 -166738
12200 -166738
12300 -166739
12400 -166739
12500 -166740
12600 -166740
12700 -166742
12800 -166743
12900 -166744
13000 -166745
13100 -166746
13200 -166746
13300 -166745
13400 -166744
13500 -166743
13600 -166743
13700 -166742
13800 -166741
13900 -166741
14000 -166741
14100 -166741
14200 -166741
14300 -166740
14400 -166739
14500 -166738
14600 -166736
14700 -166736
14800 -166736
14900 -166736
15000 -166736
15100 -166736
15200 -166737
15300 -166738
15400 -166738
15500 -166739
15600 -166740
15700 -166741
15800 -166741
15900 -166741
16000 -166740
16100 -166739
16200 -166738
16300 -166737
16400 -166736
16500 -166735
16600 -166735
16700 -166735
16800 -166735
16900 -166735
17000 -166736
17100 -166737
17200 -166737
17300 -166738
17400 -166739
17500 -166740
17600 -166740
17700 -166740
17800 -166741
17900 -166742
18000 -166742
18100 -166743
18200 -166744
18300 -166745
18400 -166745
18500 -166744
18600 -166742
18700 -166740
18800 -166738
18900 -166737
19000 -166736
19100 -166736
19200 -166736
19300 -166737
19400 -166738
19500 -166740
19600 -166741
19700 -166742
19800 -166744
19900 -166745
20000 -166746
20100 -166746
20200 -166746
20300 -166746
20400 -166746
20500 -166747
20600 -166748
20700 -166749
20800 -166750
20900 -166750
21000 -166750
21100 -166750
21200 -166748
21300 -166747
21400 -166745
21500 -166744
21600 -166743
21700 -166742
21800 -166741
21900 -166740
22000 -166740
22100 -166739
22200 -166739
22300 -166738
22400 -166738
22500 -166739
22600 -166740
22700 -166740
22800 -166741
22900 -166741
23000 -166742
23100 -166743
23200 -166744
23300 -166745
23400 -166746
23500 -166746
23600 -166746
23700 -166746
23800 -166745
23900 -166745
24000 -166744
24100 -166743
24200 -166742
24300 -166741
24400 -166740
24500 -166740
24600 -166739
24700 -166738
24800 -166737
24900 -166737
25000 -166736
25100 -166737
25200 -166737
25300 -166738
25400 -166739
25500 -166740
25600 -166742
25700 -166742
25800 -166743
25900 -166743
26000 -166744
26100 -166744
26200 -166743
26300 -166743
26400 -166743
26500 -166742
26600 -166742
26700 -166742
26800 -166742
26900 -166742
27000 -166743
27100 -166743
27200 -166743
27300 -166743
27400 -166743
27500 -166743
27600 -166743
27700 -166742
27800 -166742
27900 -166742
28000 -166742
28100 -166741
28200 -166741
28300 -166742
28400 -166742
28500 -166742
28600 -166741
28700 -166741
28800 -166742
28900 -166743
29000 -166744
29100 -166745
29200 -166746
29300 -166747
29400 -166748
29500 -166749
29600 -166749
29700 -166749
29800 -166748
29900 -166748
30000 -166747
30100 -166745
30200 -166743
30300 -166742
30400 -166742
30500 -166741
30600 -166740
30700 -166739
30800 -166739
30900 -166739
31000 -166738
31100 -166737
31200 -166736
31300 -166736
31400 -166737
31500 -166737
31600 -166739
31700 -166740
31800 -166741
31900 -166742
32000 -166743
32100 -166744
32200 -166745
32300 -166746
32400 -166746
32500 -166747
32600 -166746
32700 -166746
32800 -166745
32900 -166744
33000 -166743
33100 -166742
33200 -166742
33300 -166742
33400 -166742
33500 -166742
33600 -166742
33700 -166742
33800 -166743
33900 -166744
34000 -166744
34100 -166744
34200 -166744
34300 -166744
34400 -166744
34500 -166743
34600 -166742
34700 -166742
34800 -166742
34900 -166742
35000 -166742
35100 -166742
35200 -166742
35300 -166741
35400 -166740
35500 -166739
35600 -166739
35700 -166739
35800 -166738
35900 -166739
36000 -166740
36100 -166741
36200 -166742
36300 -166742
36400 -166743
36500 -166743
36600 -166743
36700 -166743
36800 -166743
36900 -166742
37000 -166741
37100 -166739
37200 -166738
37300 -166738
37400 -166738
37500 -166738
37600 -166738
37700 -166739
37800 -166740
37900 -166740
38000 -166741
38100 -166742
38200 -166743
38300 -166743
38400 -166744
38500 -166745
38600 -166745
38700 -166745
38800 -166746
38900 -166746
39000 -166746
39100 -166746
39200 -166745
39300 -166745
39400 -166745
39500 -166744
39600 -166742
39700 -166741
39800 -166740
39900 -166740
40000 -166740
