# Time-averaged data for fix myat3
# TimeStep v_myeng
100 -161003
200 -161003
300 -161004
400 -161005
500 -161005
600 -161005
700 -161005
800 -161005
900 -161005
1000 -161006
1100 -161007
1200 -161008
1300 -161010
1400 -161012
1500 -161013
1600 -161013
1700 -161013
1800 -161013
1900 -161013
2000 -161012
2100 -161011
2200 -161010
2300 -161010
2400 -161009
2500 -161008
2600 -161007
2700 -161007
2800 -161008
2900 -161008
3000 -161009
3100 -161009
3200 -161011
3300 -161011
3400 -161012
3500 -161012
3600 -161012
3700 -161012
3800 -161013
3900 -161013
4000 -161014
4100 -161015
4200 -161015
4300 -161014
4400 -161014
4500 -161013
4600 -161013
4700 -161012
4800 -161011
4900 -161010
5000 -161010
5100 -161010
5200 -161011
5300 -161011
5400 -161010
5500 -161010
5600 -161011
5700 -161011
5800 -161011
5900 -161011
6000 -161010
6100 -161009
6200 -161009
6300 -161009
6400 -161008
6500 -161007
6600 -161008
6700 -161008
6800 -161007
6900 -161007
7000 -161007
7100 -161008
7200 -161009
7300 -161010
7400 -161011
7500 -161012
7600 -161013
7700 -161014
7800 -161015
7900 -161015
8000 -161016
8100 -161016
8200 -161015
8300 -161015
8400 -161013
8500 -161012
8600 -161010
8700 -161010
8800 -161010
8900 -161009
9000 -161008
9100 -161007
9200 -161007
9300 -161007
9400 -161007
9500 -161007
9600 -161008
9700 -161009
9800 -161010
9900 -161012
10000 -161013
10100 -161013
10200 -161014
10300 -161014
10400 -161015
10500 -161015
10600 -161015
10700 -161016
10800 -161016
10900 -161017
11000 -161017
11100 -161016
11200 -161016
11300 -161015
11400 -161014
11500 -161012
11600 -161010
11700 -161009
11800 -161009
11900 -161009
12000 -161009
12100 -161008
12200 -161008
12300 -161009
12400 -161009
12500 -161010
12600 -161011
12700 -161012
12800 -161013
12900 -161014
13000 -161015
13100 -161015
13200 -161015
13300 -161015
13400 -161014
13500 -161014
13600 -161014
13700 -161014
13800 -161014
13900 -161014
14000 -161014
14100 -161014
14200 -161014
14300 -161013
14400 -161011
14500 -161009
14600 -161008
14700 -161006
14800 -161006
14900 -161006
15000 -161007
15100 -161008
15200 -161009
15300 -161009
15400 -161010
15500 -161011
15600 -161012
15700 -161013
15800 -161014
15900 -161015
16000 -161015
16100 -161016
16200 -161017
16300 -161017
16400 -161018
16500 -161018
16600 -161019
16700 -161018
16800 -161018
16900 -161018
17000 -161017
17100 -161016
17200 -161014
17300 -161012
17400 -161011
17500 -161010
17600 -161010
17700 -161010
17800 -161010
17900 -161010
18000 -161011
18100 -161011
18200 -161012
18300 -161012
18400 -161013
18500 -161013
18600 -161013
18700 -161013
18800 -161013
18900 -161013
19000 -161012
19100 -161010
19200 -161008
19300 -161007
19400 -161007
19500 -161006
19600 -161006
19700 -161005
19800 -161005
19900 -161005
20000 -161005
20100 -161005
20200 -161005
20300 -161006
20400 -161007
20500 -161008
20600 -161009
20700 -161010
20800 -161011
20900 -161011
21000 -161012
21100 -161012
21200 -161013
21300 -161013
21400 -161012
21500 -161011
21600 -161011
21700 -161010
21800 -161010
21900 -161009
22000 -161009
22100 -161008
22200 -161008
22300 -161008
22400 -161007
22500 -161008
22600 -161008
22700 -161009
22800 -161008
22900 -161008
23000 -161008
23100 -161008
23200 -161007
23300 -161006
23400 -161005
23500 -161004
23600 -161003
23700 -161003
23800 -161003
23900 -161003
24000 -161003
24100 -161004
24200 -161006
24300 -161008
24400 -161010
24500 -161010
24600 -161011
24700 -161012
24800 -161012
24900 -161013
25000 -161014
25100 -161015
25200 -161016
25300 -161016
25400 -161015
25500 -161015
25600 -161014
25700 -161013
25800 -161011
25900 -161010
26000 -161010
26100 -161009
26200 -161009
26300 -161009
26400 -161008
26500 -161008
26600 -161008
26700 -161009
26800 -161009
26900 -161010
27000 -161009
27100 -161010
27200 -161010
27300 -161012
27400 -161013
27500 -161014
27600 -161015
27700 -161015
27800 -161015
27900 -161015
28000 -161014
28100 -161012
28200 -161011
28300 -161010
28400 -161009
28500 -161008
28600 -161007
28700 -161006
28800 -161005
28900 -161005
29000 -161005
29100 -161005
29200 -161005
29300 -161005
29400 -161005
29500 -161005
29600 -161006
29700 -161008
29800 -161009
29900 -161010
30000 -161011
30100 -161012
30200 -161013
30300 -161014
30400 -161014
30500 -161014
30600 -161014
30700 -161014
30800 -161014
30900 -161013
31000 -161012
31100 -161011
31200 -161011
31300 -161011
31400 -161012
31500 -161012
31600 -161013
31700 -161013
31800 -161012
31900 -161011
32000 -161009
32100 -161008
32200 -161006
32300 -161005
32400 -161005
32500 -161006
32600 -161006
32700 -161007
32800 -161008
32900 -161009
33000 -161010
33100 -161011
33200 -161011
33300 -161011
33400 -161012
33500 -161014
33600 -161014
33700 -161014
33800 -161014
33900 -161014
34000 -161014
34100 -161013
34200 -161012
34300 -161011
34400 -161011
34500 -161011
34600 -161011
34700 -161010
34800 -161009
34900 -161010
35000 -161010
35100 -161010
35200 -161010
35300 -161010
35400 -161011
35500 -161013
35600 -161014
35700 -161015
35800 -161016
35900 -161017
36000 -161018
36100 -161019
36200 -161019
36300 -161019
36400 -161018
36500 -161017
36600 -161016
36700 -161015
36800 -161014
36900 -161014
37000 -161015
37100 -161015
37200 -161015
37300 -161015
37400 -161014
37500 -161013
37600 -161013
37700 -161011
37800 -161010
37900 -161008
38000 -161008
38100 -161009
38200 -161010
38300 -161010
38400 -161010
38500 -161010
38600 -161011
38700 -161011
38800 -161011
38900 -161010
39000 -161009
39100 -161009
39200 -161009
39300 -161009
39400 -161009
39500 -161009
39600 -161009
39700 -161010
39800 -161010
39900 -161009
40000 -161009
